function [X,Y]=dane1

X=[ -4.44684802898317,9.10005828470627,3.40367122700232,0.486858177327514,2.29597649925199,-6.84938339481927,6.48273333342119,-8.74876940268616,9.07399399729387,-3.12159340888879,1.46245246267523,7.30506893956469,-4.40030319744211,-6.10638739501636,-6.88061514922202,-5.91229975629096,-3.16565144981025,0.773586988758733,-3.16691440818379,-2.60456798669515,4.41724385763506,-4.41877991606438,5.73377482223552,-1.59813920384948,7.35136251337441,9.69214741943381,1.77705952575163,-4.88900562674103,-6.95679978643924,5.38846071021193,9.83177859509771,-0.0155185469932597,2.31778271979208,-1.67351787819269,4.58900092188756,3.69400564010200,-9.46195396360053,-9.61499972456479,0.808374932440639,-3.05444930899634,2.65174899683330,4.35360825158513,7.87875519311170,7.78430632154499,-5.78898843196077,-9.17880756693400,7.86194435343577,8.21996449182582,-0.817866946038045,-9.92726646981773,-8.87514588874098,-9.08192085580920,5.38064185070043,2.51752771921911,-2.46599822103035,8.43441931998141,-0.417643093747950,6.98732620049926,-7.93075429457798,6.94447525745244,9.10757227507477,-5.14070794453166,7.90210656745422,-7.38276257728879,9.83468276919280,7.37234945855621,9.85818365556606,9.35804981838934,6.11907340648344,-8.51156099871655,0.623034652203762,7.37422733274080,1.25764706088346,5.35007172096738,-4.21695092711898,8.06371597618654,4.66390585981113,2.28151438569209,-8.31630552866994,9.50416990798113,-7.63217790393153,6.01073692292395,-2.04722957067817,-9.40717397251185,-3.84010071851903,-5.16390097567151,9.30996883080148,4.46292332184766,2.79145001940343,7.70277980976006,-7.34112173573579,3.40889440884676,-6.54448728984973,-4.20807012858470,-2.32473034340404,4.65321724594711,3.14690891444424,6.27827331740947,-6.14234810519518,-2.92325338721946;
    3.66708326083522,4.35744279767345,0.0594620796544039,3.82809213081375,-2.29839762103455,-2.38416303659565,-4.65484588695330,-0.405198781008323,5.14837110255332,4.55204640666571,3.74010028940256,-9.28130954730925,3.58016287453594,-7.72843519272554,-1.82082719631390,-9.08785271394598,6.28441736826485,-9.08783315546448,-2.38291443062393,1.99690410133439,2.37803595230517,6.01039670509812,9.45481490556227,5.20851286283817,2.22097394264710,8.40481060208557,8.52078787992304,-7.62906386222629,-9.93369993638197,-8.12457793561327,-7.07901657440692,-8.43146807807205,6.86144877058201,-6.79444889294624,8.87960353198787,-4.16715877140337,-3.12248155447427,3.19850831950295,-0.482932760026493,-8.22515317828854,-0.547958966297507,7.25222864007064,4.95536301553166,0.964641695531729,-9.01346260891099,4.11820508046416,-6.54640524509120,-5.99790290318252,8.79638321115721,6.31549616233808,-0.865639740164742,9.14850657768440,-4.97059501796013,-1.45248448887564,-9.22800462083063,9.34178123409416,1.05356417250659,2.72477128852052,-2.40989519717207,5.05624765264239,3.54352381669243,-5.21910346841154,-6.52803702412462,1.17870294459711,-1.69237465798488,-7.77601529697176,-0.335766061868743,-4.23175667455982,-7.26971676733888,-5.21876203718125,9.05991141577819,-2.10136023003310,-2.05357284969506,5.04879343103928,-5.56888298915212,-0.707880931922688,-1.97786706447606,-2.92428898205688,1.54713817863802,-6.13621851413383,-1.26033885579139,5.79671190541239,-8.25650038067873,-2.51523499748887,-0.158740445210716,9.91193551058832,-8.40845094422207,4.20809002466391,-3.87053590170212,-2.69664853458231,2.83595591127149,-7.77378486550582,-1.53259079571040,4.44252357031454,0.599106219862215,-2.72717752754892,5.51539255490111,-3.88557236764426,-4.52350979618019,-2.31830335270276;
    6.06423573105669,4.12760633095434,-0.588402914669526,3.96761781195213,-8.42373077705503,3.23355813607874,0.0461263385882269,7.77929080100224,4.20950795880165,6.90429281716866,3.87542713110589,4.90544538470493,-9.97717553815800,-6.68653183434850,3.69946319272761,4.93150257801933,4.19268549583845,1.69168131040033,5.28926989539994,5.59327363342235,9.86644921377179,-1.90875165914764,-9.48088872360960,-7.47781127760758,0.881379488870056,0.0721493220666059,-3.50171133771986,8.62343417726581,5.41927478895061,7.19192079844235,2.52990451625853,-2.64361847283966,-8.81073167990958,0.997066843715302,-4.51113801509561,-0.113937075020754,-5.75885309166030,3.27673613575170,1.90153238644478,-5.12937100304698,1.82521850609039,-9.66356766513439,-7.06960124596403,5.00409360257948,2.58740143061793,-3.67249327656619,-9.17078646856947,8.34069764366266,1.62429971006024,6.59069993897768,8.06490504112646,0.386145090910715,-1.27444204564068,0.175345608778306,-8.76833710501945,6.73262579379352,0.927237654967604,-1.10212107293546,4.04159140350373,1.16879080440201,5.00624121631438,-6.90769716195344,-9.75135885938585,-4.12950919738118,4.70028294198839,0.0297565924634551,4.63578916669763,-6.06863075519975,-4.90849629806256,-6.40067693686578,9.69741021280559,-0.742948826551464,4.42136986100612,-7.54553307307283,-4.63640932045306,5.74874318595495,4.51028491319217,-8.01545038739159,-6.20568911555224,9.72806182752829,3.41273598447533,-2.97200026739819,1.45170533038676,4.95673216518943,8.16875129375511,2.97181231567322,0.270330427103120,6.90287201489217,8.06179753155021,7.40634712967017,-9.58472708757311,-2.60843138214345,5.35970396482316,9.85162722147958,-5.53171819979261,-7.87339439109642,3.11604611387528,1.43302588218592,8.10439691104996,8.53872942064584];

Y=[ 1,1,1,1,-1,-1,-1,-1,1,1,1,-1,-1,-1,-1,-1,1,-1,-1,1,1,1,1,1,1,1,1,-1,-1,-1,-1,-1,1,-1,1,-1,-1,-1,-1,-1,1,1,1,1,-1,-1,-1,-1,1,1,-1,1,-1,-1,-1,1,1,1,-1,1,1,-1,-1,-1,1,-1,1,-1,-1,-1,1,1,-1,1,-1,1,1,-1,-1,-1,-1,1,-1,-1,-1,1,-1,1,-1,1,-1,-1,-1,1,-1,-1,1,-1,-1,-1];

end