function [X,Y]=dane3

X=[-4.56649155934715,-0.558012554092189,2.01861014574413,1.61463948577334,5.87240503920860,6.12253423510862,4.11877183082834,-4.45283391663937,4.58436801539337,4.69114199687496,-5.24497800763282,-1.71499450660221,-1.22656974955182,-9.40170457833789,-4.96534867259193,3.54152036166657,-3.18608431240528,-1.22392017045540,9.18660998612557,7.59889368921818,5.15836126404218,1.38963226320352,0.360306281375271,5.61319621465348,4.69643925813415,-4.35895621669943,-2.15556541387259,-1.51770168147577,-6.77935061195204,-8.59099334847677,3.52371066382568,-0.472439581186059,6.04257438609022,0.556078326384961,5.08649844256946,9.44900718171266,5.29241926177588,-1.52040112317629,7.85127679409578,-4.57112754786899,-4.60901396955979,1.33883633236345,-4.05743578856574,0.115904187710870,2.02737510554219,-2.63041394537668,1.62138549018908,-0.285613178703787,-7.00987082945449,-2.81969980574937,-6.55299276210695,1.45218155510335,-9.46067196632576,2.55857939335625,8.45339754184882,-2.35639740756652,0.953271105967088,3.14181640724310,2.60387877972146,4.89791406613489,-8.49869992311288,-7.00185888282867,5.75517125811905,2.53358536073282,1.85129463012782,-6.82748945379669,7.27090919223086,4.05264525506691,7.41561217941626,9.36058630861755,7.90284905881882,-6.57230633779519,-6.81970853697692,2.58615418574434,-5.38737484628795,-5.34210501168473,3.01420035466526,-8.53546179150603,8.55544920869425,-8.92486003541457,-8.28444718091742,-1.53703939714118,4.18405416804624,-5.31464052157820,8.90893181558086,2.95612561337550,-5.58041248922405,2.28569554832236,0.414418664918230,0.822250790050576,-9.23689018860901,3.69493434867857,8.15445951244175,4.53039776206655,-7.16649889452203,-2.30018522192590,9.04254134312143,-8.08687482308836,4.08441327012636,5.39451575684342;
   -3.29532888213567,-6.54518119207321,0.419615581120373,2.92693565729584,-0.222740519768943,2.68085569200992,-8.84510926853151,-7.09861779222370,1.00158204360609,8.35571371749220,-9.71219282772381,-2.22845962686517,6.76649555982308,0.481073006548636,0.281337876784880,-1.09381412600241,-6.11664410649291,1.85445952766967,4.78203841558748,4.78003421978401,-3.60696252279665,-2.57466906162937,-4.14835394569368,-9.36990966042099,-6.60267010099091,-6.35481913412227,3.96893832855461,-5.91263409951220,5.35836134339272,4.19216111666388,-2.61720343645640,-7.57597704251924,7.66978217737791,-1.80152975072999,8.59459857270029,1.25381821796614,-4.73839187988196,6.62089463204994,-0.343553054948750,9.16593940008055,-0.371521746987858,7.50484689857861,-0.833668955016551,-7.03298862908399,8.73564914080064,0.0373318809607408,-5.69343148693366,-9.57899161951630,-8.42300558148439,-5.52750012523713,2.25769194570587,1.14804804951119,-9.85987080950453,7.84771274483598,4.44071391007176,-9.78515653225463,3.37352367607914,7.60062424426961,7.76829550426233,9.65578746490259,0.712567402463510,-6.86629433526470,-6.12728351037045,6.25318743050358,6.13145528445046,-7.15250983920665,-0.136531243761784,6.17240821441776,8.24679924921603,-2.13900995884584,-8.71178855016381,9.85681982228130,4.85931908004389,-3.07046657554393,-9.81561438806866,3.03183155715822,1.72219567971676,-5.55629389923205,3.74488848933140,-9.92664539124836,9.97452817675697,-5.38339742606202,3.81807743506779,-8.43636672199796,-0.421425743493803,9.28992564514356,6.75691118093429,-9.97172762232884,6.03114203676802,-3.16162078253822,-7.93774241524807,6.93226704987649,7.17161578331424,-4.10259507985759,4.17051088676655,3.69851550138043,-8.24288106347680,8.96796492559149,2.82260424832932,1.15527776480434;
   -2.36808388466827,8.17475377807540,-1.61009364265429,-0.0293587214061457,-5.88537439529039,-7.27241582698201,-9.29962851639764,-4.74591989894107,6.61316614919869,-2.01168766672637,-6.20857403495314,-0.255753277579107,-6.28871730872448,0.584125250959716,5.57087282500645,1.03703678662053,5.66208179793615,1.26546724704918,0.732157513064063,9.67927971864128,-0.764946539451966,-6.92398960165716,-5.15158557115440,-3.47875037333491,3.59260572234656,-6.66755600259718,-3.92007247111905,1.14790412128272,1.16497707665404,-5.76843339637051,-3.73708209242575,2.52458966319195,7.09604333502944,-1.25107494502967,7.42334022527653,-0.989314785238024,-7.09257376489435,-3.46754321880203,4.21421974471569,-4.25703424939433,-1.32075059698679,9.88851244634955,2.31635180586821,-3.50287912133579,-7.30817579447666,6.68985576927906,5.78020485257041,-9.27686718551351,-2.33645043005292,-6.37074149718010,-7.49559276495238,-8.02171132462321,-7.27732211372587,0.894730106169948,4.48888664987669,-6.21422200612088,6.70136220794053,-8.35100975894461,-3.12276377766054,-0.606769756986608,-5.37701422114587,9.07602222862929,-0.401235218470880,-3.40257461087765,7.75265149564458,-1.72007878464797,8.06260957503812,-1.74580360710738,-4.89920938349263,-8.96339896974951,7.94344500770723,0.387541743281306,-0.540835443536276,-3.79615087250395,5.33779357441641,-3.78677366538346,-6.82185625520214,5.78513690271717,-6.38274257115513,-2.25016359125142,-7.72638561232603,-7.82540853344487,4.31368443712899,-1.24049348385216,2.07502676670928,5.67245538769477,-5.60749327672996,1.02903614538642,-7.31301308473737,1.20565131115704,6.92012886558736,9.95672947041545,4.13410862472974,9.99897655971459,7.03849807414773,1.41257993234523,3.91300654347029,-5.63263121209036,-7.39215011559871,4.51116835921717];

Y=[1,-1,1,1,1,1,1,1,-1,1,-1,-1,1,1,-1,-1,-1,1,1,-1,-1,1,1,-1,-1,1,1,-1,1,1,1,-1,-1,1,-1,-1,1,1,-1,1,1,-1,-1,-1,1,-1,-1,1,-1,1,1,1,1,1,-1,-1,-1,1,1,1,1,-1,-1,1,-1,-1,-1,1,1,1,-1,1,1,1,-1,1,1,-1,1,-1,1,1,-1,-1,-1,1,1,-1,1,-1,-1,-1,1,-1,-1,1,-1,1,1,-1];

end