function [X,Y]=dane2

X=[-5.95046861629663,-1.97610575926828,-2.03081148305725,-6.08391953343424,-7.88946289976004,-3.46049592466221,0.783042052839640,-3.05982243349982,-8.62020568408677,7.49372625849924,-4.48078443782012,4.79691289422630,2.32402078384219,-8.24922065263863,2.52457294672647,-1.24492547264392,-8.88852516326521,2.52233818043040,4.66902630438285,2.83587303037861,-3.21185346828761,8.14350203992793,4.59304111921343,6.34995702569160,-3.15014163401092,6.51851154496167,8.65909586745900,-3.73233180341276,1.42418719358492,-0.229027471772373,-6.29975588069218,0.0148956000930216,9.42417600190850,-9.24536394054798,-8.83239764617428,-7.72591750619261,-2.94193905060459,6.70636289688406,-8.52046956170664,4.09582035828192,-6.73624516468138,-6.59387415873814,-0.00861349469040995,-5.40409656242409,2.09121583697507,6.95747142046993,4.21840215007701,-6.76070579316536,-6.48226829782923,-9.86715725386027,2.08012437952588,-4.19521021283586,2.92448446743114,5.71988504769828,1.10908292988913,-4.44622880717874,0.886222121755480,7.67704507057239,-6.46325933042522,6.57894084408768,-2.48213005478749,-0.120752308485393,-8.72867111279148,-9.33017926852371,-3.36513333989545,-3.76764184782763,5.14598454444688,-9.14095066616769,2.15581822548559,7.57629960163714,-7.13866608793790,-5.83678582110880,-5.45103875040707,-8.16446534376226,-5.43825215003443,1.99433990888172,9.08309114082471,-8.50346966684140,0.742749180096158,8.05552556936093,-8.03328873924085,5.61888756114318,-6.89588827525514,-5.06025769328386,-2.41893418057527,8.76393432611515,6.37417421839276,-9.00338788678409,9.35629313188316,3.75080942231787,9.65468917748968,-8.75526592062601,-7.56740494202198,-6.81111211951803,-7.09026777296592,-0.262186330260741,4.75896508012959,-8.48701435976773,8.90013284818869,-4.35002205569333;
   -0.642231731272837,0.180937778604694,9.61220932448215,-3.82776005539307,7.82439044289823,0.358095657991044,-6.61792000889690,4.48109044795915,-0.178239601416445,-6.95155794385969,-6.81915396821673,-2.53296996106319,-7.99111794500816,-0.869453360894879,-3.54740583941405,9.72626771900276,4.13682355202656,1.60433771258035,-6.54357979243322,2.64805874292908,5.05265908043206,7.04195100944127,-8.28388242944941,-5.04028827362444,-1.11100412490466,8.51733296597881,-7.26628322763075,-3.43955295297653,-7.94014573059553,5.80131237627320,7.89619763122091,-7.55549922952477,6.30280655450023,-4.83267068603769,-1.29503220537421,5.65399354910308,-8.45271184964139,1.04770007811986,-4.15406140273233,-8.19666919027734,-3.71893406721135,7.80378239300879,3.03023108085403,-5.31910496173541,-8.48186300062362,1.18388173407035,-1.37941583089273,4.75698347442931,-5.57221770177980,-4.92589466389634,-5.70593632460816,-3.61682930300026,0.524437469559532,1.99015653058755,-1.29898957403599,3.87483757391113,4.89307988576977,9.23695618077848,4.12579876831028,9.41980913954311,-2.10242814406038,-3.66666409323788,-2.37816673700685,-1.38982759918184,-9.10723405005831,-4.23058937453888,3.59825360709750,6.46397265405255,-9.37283070161740,6.34826773743907,-7.71298410212117,6.33370097754028,6.95047270778790,2.61029126408385,7.52344753743419,-0.929470721212230,-6.61834180303375,9.02779947747435,-5.16639881343621,-0.212297764134586,-0.0492887019285782,-4.10815103178586,-2.79156147400592,4.02486395193450,4.99977421490980,8.03485426824586,-7.64612259686526,2.51492032576838,-1.22481685342652,5.19107363776353,-1.74013985833703,7.70513489864007,0.384486438018676,-0.276975908170641,-2.41235865667128,-7.84432580536434,1.22851396288462,7.23467755520387,-9.22241568438129,-1.41508402422842;
   -1.62994526723822,9.73208893502384,-0.355317118305557,-6.13609709552119,6.59484705343398,5.75016361941403,3.86537720470790,1.76431325992395,-8.96067480964636,4.08032489710682,-7.97180797332051,-1.07025351664681,1.33299952034251,0.426954710678873,8.42992179127507,-4.73934205850256,8.75588388284274,0.696165068573285,7.31321156873620,3.60586988432958,2.32361805839582,-2.52672210697214,-6.06349967673447,-5.23814372848255,-4.21055107995927,-5.92288458255034,3.38166527881459,-6.29148354689207,-8.47250451024328,0.453299473383371,-1.86571241809937,-6.37487514633445,2.06653235716760,4.65044618149516,3.42005892322079,-2.98018213574053,5.09375487484148,1.28569213093431,-2.94940280843252,-1.93739245487684,-1.10755881766219,2.81610460812932,8.74243506570728,1.11953044944091,9.37715913449436,-7.74867348610579,9.06502096353158,5.19953259159295,-5.79711730373370,6.13116011549534,8.54178786993430,7.27016940054708,-8.93515239757598,-6.85055815298136,-2.79784167819814,-5.37231782172947,-8.34495425210909,-9.48249768926289,5.66242754118632,9.19915793419317,-4.03994068369799,-2.08203601719765,-7.22309379842017,7.60372104109804,4.26431710133600,2.39674494351143,-4.63626665919997,-3.58557611041674,-5.30692820788142,-1.30663092756556,-4.71057916537976,-3.08623146231122,-6.87682738099161,-8.38111687583971,-9.01223711858333,2.82818146972499,5.34718568931636,8.77553025956770,-5.04109407409829,9.68775701418261,-4.56473467905390,-7.52664013371092,-1.94790105065264,0.730235790746152,-4.30164433106421,4.45193466085153,5.45698246232090,4.93958948198431,-1.24532429442397,1.60837069169711,-2.94894846704339,-0.159153972546184,-1.35013261867971,-9.50646858997438,5.27366697412037,-7.72211163905133,-4.30224038210173,-4.91711803417225,-9.70761104094602,-8.94066990126170];

Y=[1,1,-1,-1,1,1,1,1,-1,1,-1,-1,1,1,1,-1,1,-1,1,1,1,-1,-1,-1,-1,-1,1,-1,-1,-1,-1,-1,-1,1,1,-1,1,-1,1,-1,1,1,1,1,1,-1,1,1,-1,1,1,1,-1,-1,-1,-1,-1,-1,1,1,-1,-1,-1,1,1,1,-1,-1,-1,-1,1,-1,-1,-1,-1,1,1,1,-1,1,-1,-1,1,1,-1,-1,1,1,-1,-1,-1,1,1,-1,1,-1,-1,-1,-1,-1];

end